515
587
610
467
414
259
177
560
604
536
694
342
634
220
648
418
350
707
278
240
487
461
463
289
459
364
232
451
553
365
571
601
661
411
416
538
444
318
235
256
607
695
416
492
64
520
167
557
261
498
384
482
309
312
673
252
390
711
502
260
395
358
420
164
319
355
354
4
374
57
408
398
273
379
573
40
411
516
320
717
218
213
393
403
166
550
189
407
275
231
267
380
15
275
26
63
230
363
489
414
469
121
104
154
696
259
223
107
119
531
547
605
400
425
564
106
29
280
300
310
316
506
129
5
303
340
224
586
489
182
392
497
441
642
527
485
716
361
68
233
571
301
432
621
168
24
109
79
206
65
490
396
358
336
710
674
184
678
60
34
358
354
505
179
323
708
528
455
234
6
326
338
419
254
302
143
280
713
655
277
263
343
16
31
346
122
143
729
634
712
330
652
72
294
644
367
129
364
239
643
453
732
468
312
396
249
36
501
35
421
37
94
447
83
718
576
484
493
152
508
132
12
394
137
73
180
580
615
499
84
530
583
456
442
49
126
659
577
511
646
689
699
239
352
659
162
208
199
93
523
185
138
91
111
656
37
96
58
87
25
25
39
16
299
316
221
23
434
265
51
242
158
205
92
496
647
294
461
657
190
478
533
566
214
483
429
476
679
448
570
296
649
389
501
299
280
275
621
58
43
357
476
406
231
272
382
603
539
88
727
510
392
240
705
173
427
531
427
477
316
271
404
216
615
271
502
478
732
468
321
625
574
74
317
33
192
329
431
581
425
125
629
683
479
358
613
686
434
170
161
526
213
137
515
150
93
316
578
19
481
80
675
234
332
654
628
105
325
558
261
549
93
725
96
50
353
335
290
69
443
270
122
726
242
22
275
599
217
161
138
473
213
598
16
665
169
314
78
238
239
681
268
582
575
470
62
684
44
14
320
181
521
636
569
54
412
240
13
357
465
135
197
215
309
436
308
123
541
246
243
590
210
133
287
548
278
197
524
438
393
142
163
446
159
296
455
141
337
247
383
691
27
302
700
97
37
217
362
568
230
116
556
55
316
49
480
127
151
368
373
407
338
375
458
411
518
669
212
436
537
145
217
730
672
701
248
299
454
340
292
548
251
230
395
430
209
609
242
340
535
253
359
291
459
228
293
369
548
606
498
324
357
412
348
675
230
252
271
341
210
319
352
439
637
274
211
387
236
519
58
284
270
184
256
259
619
488
410
715
518
188
337
267
273
225
227
595
464
296
322
457
171
588
486
293
324
172
325
524
110
389
374
326
278
314
201
110
356
428
472
174
351
518
342
440
255
125
100
368
613
602
316
408
506
1
722
379
263
93
41
254
66
403
20
286
270
296
339
614
21
697
526
328
278
475
539
334
608
1
77
89
101
422
137
282
366
263
196
174
219
244
461
563
135
461
347
331
566
622
9
339
210
611
336
67
240
680
313
589
131
685
635
17
619
627
532
257
546
334
134
258
724
262
153
338
241
38
638
218
478
237
82
617
138
393
76
307
120
124
192
342
415
186
507
32
340
378
283
253
125
357
39
387
592
489
311
631
263
671
704
523
339
437
304
86
329
115
481
333
565
327
128
248
733
248
224
372
397
281
479
366
259
413
431
626
155
585
135
311
706
611
600
3
664
687
597
522
714
248
286
18
663
334
549
556
238
555
552
305
299
200
376
579
392
420
81
233
620
315
157
47
185
54
61
728
160
372
75
731
69
102
424
59
283
62
421
184
167
386
344
28
405
160
720
271
543
382
338
187
204
199
721
517
504
68
304
176
719
397
285
413
670
494
362
692
203
450
525
358
195
202
477
302
702
286
248
86
227
188
284
248
653
386
295
584
46
393
207
449
70
396
45
339
660
15
153
202
444
554
658
114
429
668
95
368
445
688
414
307
8
396
53
303
540
278
386
281
696
598
647
71
503
630
626
635
436
99
381
545
623
561
624
645
567
377
320
195
431
723
22
10
27
271
537
530
92
482
112
2
33
525
98
227
399
248
377
113
530
397
92
549
651
252
709
402
269
370
423
136
329
208
240
639
447
534
417
470
542
68
261
31
231
48
429
117
456
276
491
617
139
676
593
296
354
682
625
594
698
447
433
616
425
270
482
264
619
118
183
677
11
466
562
49
640
374
143
96
192
52
37
544
483
356
41
259
204
222
54
371
455
4
178
151
149
656
444
618
482
412
27
16
377
90
140
231
122
253
93
498
156
297
442
342
288
512
339
187
309
543
271
85
440
456
310
225
135
336
662
135
306
147
659
440
703
460
409
30
464
387
360
474
393
693
43
351
632
218
416
185
202
221
153
452
391
559
56
407
345
667
161
298
679
401
573
16
191
288
118
421
426
407
399
513
100
326
100
500
591
447
556
480
253
734
304
612
402
551
218
349
495
325
266
373
650
385
245
146
213
569
298
509
572
471
416
531
215
240
462
388
267
323
229
226
712
343
222
690
311
416
234
413
318
596
261
362
148
42
536
435
41
392
609
198
58
193
497
175
227
470
103
221
250
108
54
204
62
276
27
165
144
122
279
178
380
387
641
257
110
458
194
130
666
225
205
348
529
633
320
135
7
609
698
514
